	% 10/3/2018	
	% 8:20 AM
	% SAMPLE A mass: 91.767 +/- .001 g
	% CALORIMETER mass: 318.3 +/- .05 g	
	%Time (s) 	Water Temperature (C) 	Sample Temp (C) 
	0.000	93.520	22.317	22.449
	1.038	93.613	22.312	22.436
	2.049	93.452	22.321	22.444
	3.059	93.366	22.334	22.439
	4.069	93.502	22.338	22.452
	5.079	93.537	22.337	22.461
	6.090	93.343	22.312	22.455
	7.101	93.493	22.316	22.446
	8.111	93.361	22.301	22.423
	9.148	93.528	22.322	22.442
	10.172	93.534	22.314	22.440
	11.188	93.574	22.336	22.450
	12.198	93.650	22.347	22.438
	13.207	93.455	22.316	22.436
	14.216	93.496	22.312	22.439
	15.284	93.462	22.316	22.449
	16.294	93.519	22.318	22.442
	17.307	93.438	22.321	22.454
	18.319	93.439	22.298	22.446
	19.330	93.364	22.326	22.431
	20.355	93.384	22.337	22.427
	21.394	93.390	22.300	22.438
	22.406	93.454	22.319	22.441
	23.421	93.521	22.310	22.432
	24.438	93.476	22.308	22.430
	25.452	93.421	22.316	22.439
	26.468	93.436	22.318	22.434
	27.482	93.462	22.305	22.432
	28.495	93.450	22.297	22.425
	29.536	93.433	22.308	22.420
	30.560	93.427	22.303	22.444
	31.612	93.507	22.295	22.423
	32.640	93.456	22.305	22.430
	33.654	93.511	22.296	22.446
	34.671	93.469	22.296	22.448
	35.687	93.400	22.287	22.419
	36.710	93.357	22.284	22.415
	37.726	93.505	22.315	22.420
	38.746	93.319	22.286	22.418
	39.756	93.359	22.302	22.410
	40.771	93.574	22.307	22.397
	41.787	93.230	22.289	22.412
	42.801	93.361	22.293	22.407
	43.813	93.413	22.285	22.409
	44.828	93.364	22.299	22.415
	45.843	93.414	22.286	22.424
	46.858	93.364	22.285	22.407
	47.875	93.336	22.286	22.410
	48.897	93.318	22.285	22.414
	49.912	93.329	22.290	22.408
	50.939	93.330	22.266	22.401
	51.969	93.315	22.276	22.405
	52.985	93.342	22.280	22.399
	54.001	93.489	22.276	22.391
	55.031	93.264	22.264	22.411
	56.055	93.342	22.269	22.376
	57.074	93.273	22.267	22.389
	58.093	93.420	22.267	22.399
	59.116	93.320	22.274	22.379
	60.134	93.332	22.262	22.386
	61.151	93.234	22.261	22.380
	62.172	93.261	22.265	22.404
	63.190	93.170	22.246	22.412
	64.216	93.379	22.276	22.394
	65.235	93.334	22.276	22.414
	66.254	93.342	22.248	22.389
	67.271	93.281	22.255	22.379
	68.294	93.370	22.257	22.390
	69.311	93.264	22.247	22.378
	70.330	93.417	22.244	22.386
	71.373	93.320	22.240	22.373
	72.391	93.343	22.256	22.371
	73.420	93.340	22.252	22.359
	74.444	93.428	22.227	22.382
	75.466	93.616	22.259	22.346
	76.487	93.373	22.256	22.382
	77.503	93.281	22.249	22.370
	78.524	93.309	22.237	22.390
	79.544	93.324	22.249	22.369
	80.562	93.377	22.238	22.365
	81.586	93.304	22.250	22.379
	82.604	93.413	22.252	22.362
	83.621	93.359	22.230	22.385
	84.641	93.474	22.253	22.376
	85.664	93.402	22.213	22.380
	86.684	93.405	22.241	22.367
	87.703	93.266	22.251	22.341
	88.724	93.317	22.244	22.346
	89.744	93.348	22.250	22.354
	90.760	93.326	22.219	22.375
	91.781	93.525	22.239	22.344
	92.804	93.301	22.237	22.348
	93.822	93.390	22.231	22.363
	94.843	93.206	22.228	22.350
	95.861	93.342	22.236	22.369
	96.887	93.321	22.221	22.345
	97.904	93.456	22.235	22.360
	98.921	93.432	22.232	22.348
	99.939	93.491	22.216	22.364
	100.961	93.309	22.222	22.342
	101.984	93.326	22.220	22.347
	103.001	93.421	22.225	22.330
	104.024	93.434	22.218	22.348
	105.042	93.368	22.226	22.357
	106.062	93.229	22.224	22.358
	107.086	93.310	22.194	22.341
	108.103	93.373	22.225	22.337
	109.124	93.444	22.215	22.354
	110.141	93.452	22.232	22.342
	111.160	93.456	22.206	22.345
	112.181	93.403	22.188	22.336
	113.217	93.427	22.204	22.338
	114.235	93.329	22.203	22.353
	115.251	93.428	22.183	22.367
	116.281	93.325	22.211	22.357
	117.298	93.277	22.218	22.334
	118.328	93.343	22.213	22.347
	119.348	93.284	22.205	22.332
	120.367	93.368	22.215	22.335
	121.391	93.240	22.203	22.343
	122.411	93.243	22.222	22.333
	123.433	93.260	22.212	22.343
	124.451	93.315	22.222	22.322
	125.471	93.335	22.196	22.333
	126.494	93.320	22.211	22.344
	127.513	93.342	22.212	22.343
	128.533	93.283	22.221	22.326
	129.571	93.333	22.163	22.326
	130.592	93.222	22.206	22.337
	131.609	93.229	22.208	22.315
	132.628	93.176	22.195	22.318
	133.655	93.208	22.198	22.345
	134.688	93.326	22.189	22.324
	135.706	93.199	22.208	22.365
	136.729	93.132	22.200	22.316
	137.749	93.192	22.211	22.332
	138.763	93.140	22.206	22.325
	139.786	93.297	22.194	22.326
	140.805	93.139	22.204	22.336
	141.824	93.169	22.202	22.348
	142.843	93.304	22.230	22.324
	143.861	93.218	22.195	22.311
	144.883	93.171	22.202	22.344
	145.925	93.329	22.188	22.318
	146.951	93.217	22.205	22.332
	147.972	93.254	22.209	22.333
	148.993	93.304	22.202	22.337
	150.013	93.200	22.183	22.297
	151.034	93.226	22.186	22.339
	152.054	93.204	22.207	22.292
	153.073	93.321	22.181	22.340
	154.093	93.209	22.199	22.341
	155.109	93.095	22.186	22.337
	156.134	93.175	22.178	22.348
	157.153	93.273	22.200	22.345
	158.174	93.274	22.181	22.335
	159.194	93.213	22.208	22.334
	160.215	93.183	22.211	22.339
	161.236	93.202	22.203	22.301
	162.283	93.160	22.192	22.335
	163.301	93.055	22.220	22.330
	164.321	93.207	22.184	22.302
	165.341	93.069	22.198	22.311
	166.360	93.264	22.209	22.313
	167.380	93.366	22.178	22.325
	168.401	93.263	22.199	22.322
	169.421	93.193	22.190	22.320
	170.437	93.403	22.206	22.336
	171.455	93.099	22.173	22.317
	172.486	93.255	22.174	22.320
	173.505	93.254	22.183	22.318
	174.526	93.290	22.216	22.315
	175.546	93.234	22.216	22.320
	176.566	93.284	22.211	22.303
	177.587	93.192	22.188	22.320
	178.610	93.083	22.190	22.339
	179.628	93.210	22.189	22.308
	180.649	93.266	22.190	22.321
	181.666	93.212	22.199	22.314
	182.686	93.413	22.184	22.326
	183.706	93.301	22.198	22.320
	184.725	93.235	22.172	22.321
	185.744	93.380	22.174	22.323
	186.764	93.079	22.180	22.316
	187.783	93.190	22.189	22.328
	188.804	93.128	22.171	22.312
	189.824	93.162	22.193	22.331
	190.844	93.251	22.179	22.301
	191.865	93.244	22.172	22.391
	192.890	93.179	22.197	22.307
	193.919	93.189	22.201	22.311
	194.944	92.442	22.184	22.321
	195.968	92.689	22.189	22.316
	196.991	92.813	22.197	22.297
	198.014	92.937	22.192	22.300
	199.035	92.681	22.196	22.312
	200.053	92.888	22.179	22.305
	201.073	92.936	22.172	22.300
	202.093	92.819	22.196	22.317
	203.113	92.969	22.184	22.313
	204.134	93.210	22.184	22.304
	205.154	93.029	22.189	22.319
	206.173	92.913	22.187	22.312
	207.195	92.675	22.191	22.326
	208.214	92.931	22.178	22.303
	209.236	92.958	22.196	22.325
	210.254	93.131	22.212	22.315
	211.292	93.078	22.172	22.316
	212.312	93.085	22.201	22.303
	213.333	93.114	22.210	22.297
	214.349	93.137	22.179	22.300
	215.374	93.295	22.190	22.318
	216.389	93.392	22.194	22.315
	217.412	93.398	22.189	22.319
	218.431	93.200	22.204	22.299
	219.450	93.183	22.192	22.321
	220.468	93.177	22.190	22.322
	221.489	93.170	22.179	22.309
	222.513	93.158	22.212	22.302
	223.532	93.137	22.194	22.319
	224.552	93.123	22.193	22.323
	225.577	93.021	22.216	22.307
	226.598	93.082	22.187	22.330
	227.622	93.081	22.202	22.311
	228.641	93.200	22.172	22.322
	229.663	93.280	22.189	22.323
	230.680	93.306	22.186	22.327
	231.702	93.081	22.216	22.308
	232.722	93.333	22.199	22.306
	233.744	93.081	22.199	22.334
	234.785	93.332	22.194	22.309
	235.811	93.162	22.194	22.311
	236.835	93.146	22.195	22.324
	237.853	93.384	22.189	22.301
	238.875	93.300	22.199	22.293
	239.894	93.221	22.229	22.306
	240.914	93.268	22.339	22.350
	241.935	93.168	22.458	22.387
	242.954	93.151	22.577	22.462
	243.982	93.133	22.719	22.548
	245.000	93.109	22.881	22.828
	246.030	93.158	22.963	22.881
	247.050	93.163	23.059	22.982
	248.076	93.178	23.157	23.226
	249.097	93.236	23.258	23.342
	250.124	93.343	23.354	23.507
	251.142	93.165	23.465	23.666
	252.160	93.169	23.608	23.700
	253.183	93.116	23.772	23.812
	254.204	93.193	23.863	23.929
	255.225	93.203	23.960	24.002
	256.246	93.126	24.043	24.080
	257.268	93.060	24.171	24.158
	258.289	93.083	24.224	24.260
	259.321	93.261	24.333	24.366
	260.344	93.123	24.422	24.424
	261.364	93.232	24.502	24.511
	262.390	93.151	24.599	24.616
	263.414	93.118	24.673	24.691
	264.436	93.133	24.757	24.759
	265.454	93.100	24.813	24.840
	266.474	93.121	24.880	24.933
	267.492	93.204	24.963	25.000
	268.515	93.202	25.024	25.076
	269.534	93.183	25.085	25.144
	270.552	93.204	25.142	25.200
	271.574	93.113	25.208	25.272
	272.597	93.198	25.249	25.355
	273.625	93.102	25.327	25.382
	274.656	93.214	25.381	25.440
	275.686	93.143	25.451	25.482
	276.716	93.173	25.497	25.554
	277.748	93.080	25.521	25.606
	278.780	93.104	25.590	25.666
	279.826	93.130	25.635	25.724
	280.896	93.063	25.703	25.769
	281.931	93.145	25.740	25.806
	282.961	93.147	25.779	25.849
	283.993	93.180	25.793	25.883
	285.027	93.187	25.853	25.932
	286.056	93.070	25.866	25.998
	287.081	93.231	25.922	26.027
	288.119	93.186	25.966	26.066
	289.154	93.269	25.983	26.096
	290.185	93.166	26.035	26.125
	291.211	93.103	26.070	26.172
	292.246	93.182	26.102	26.219
	293.274	93.133	26.119	26.209
	294.307	93.168	26.165	26.255
	295.330	93.116	26.176	26.282
	296.358	93.187	26.218	26.316
	297.390	93.192	26.232	26.341
	298.424	93.311	26.259	26.365
	299.456	93.173	26.277	26.399
	300.497	93.195	26.313	26.419
	301.534	93.318	26.339	26.450
	302.565	93.133	26.366	26.468
	303.597	93.142	26.381	26.480
	304.635	93.252	26.431	26.487
	305.665	93.179	26.418	26.535
	306.699	93.184	26.406	26.552
	307.733	93.218	26.467	26.563
	308.766	93.278	26.479	26.577
	309.798	93.297	26.489	26.617
	310.827	93.232	26.510	26.643
	311.858	93.309	26.532	26.638
	312.887	93.294	26.550	26.647
	313.916	93.172	26.554	26.667
	314.962	93.261	26.569	26.676
	315.990	93.248	26.589	26.700
	317.013	93.302	26.579	26.699
	318.053	93.270	26.592	26.704
	319.080	93.309	26.620	26.743
	320.108	93.304	26.617	26.741
	321.139	93.240	26.631	26.768
	322.189	93.201	26.664	26.772
	323.219	93.308	26.668	26.774
	324.255	93.324	26.674	26.802
	325.286	93.331	26.695	26.807
	326.318	93.264	26.706	26.823
	327.349	93.297	26.692	26.839
	328.381	93.328	26.715	26.835
	329.410	93.184	26.719	26.825
	330.444	93.247	26.726	26.867
	331.481	93.296	26.743	26.870
	332.521	93.202	26.748	26.874
	333.556	93.246	26.742	26.878
	334.592	93.253	26.756	26.861
	335.626	93.336	26.751	26.896
	336.659	93.213	26.772	26.910
	337.695	93.257	26.768	26.884
	338.730	93.246	26.780	26.917
	339.759	93.165	26.778	26.939
	340.790	93.207	26.783	26.895
	341.817	93.195	26.807	26.924
	342.851	93.218	26.789	26.931
	343.879	93.194	26.797	26.933
	344.915	93.245	26.806	26.944
	345.947	93.276	26.819	26.950
	346.979	93.266	26.818	26.980
	348.011	93.360	26.824	26.969
	349.039	93.290	26.833	26.970
	350.065	93.269	26.829	26.949
	351.104	93.331	26.828	26.985
	352.134	93.218	26.853	26.970
	353.160	93.307	26.840	26.981
	354.193	93.165	26.850	26.989
	355.221	93.104	26.853	26.988
	356.253	93.176	26.888	26.981
	357.294	93.054	26.865	26.985
	358.325	93.185	26.870	27.007
	359.373	93.184	26.857	26.991
	360.406	93.222	26.851	26.984
	361.439	93.204	26.870	26.982
	362.472	93.135	26.861	26.985
	363.507	93.240	26.889	27.009
	364.551	93.197	26.867	26.993
	365.590	93.141	26.856	27.006
	366.625	93.187	26.867	27.029
	367.660	93.312	26.891	27.009
	368.694	93.182	26.891	27.016
	369.720	93.245	26.865	27.013
	370.754	93.182	26.876	27.023
	371.786	93.094	26.909	27.006
	372.817	93.055	26.894	27.010
	373.857	93.140	26.884	27.018
	374.889	93.187	26.897	27.019
	375.929	93.252	26.905	27.026
	376.963	93.185	26.917	27.028
	377.996	93.219	26.907	27.046
	379.031	93.139	26.894	27.018
	380.066	93.093	26.897	27.046
	381.090	93.074	26.925	27.049
	382.125	93.177	26.918	27.025
	383.159	93.110	26.906	27.046
	384.188	93.068	26.923	27.004
	385.226	93.148	26.899	27.057
	386.261	93.285	26.901	27.039
	387.288	93.232	26.920	27.038
	388.320	93.284	26.915	27.034
	389.361	93.270	26.912	27.038
	390.392	93.113	26.909	27.044
	391.421	93.206	26.911	27.060
	392.451	93.148	26.917	27.041
	393.488	93.212	26.905	27.035
	394.522	93.178	26.923	27.026
	395.552	93.146	26.893	27.039
	396.620	93.300	26.921	27.058
	397.659	93.313	26.927	27.040
	398.692	93.183	26.926	27.045
	399.718	93.261	26.909	27.036
	400.756	93.191	26.939	27.052
	401.786	93.172	26.913	27.048
	402.817	93.106	26.914	27.042
	403.859	93.169	26.910	27.025
	404.886	93.247	26.911	27.055
	405.916	93.161	26.907	27.051
	406.953	93.173	26.927	27.053
	407.993	93.323	26.933	27.043
	409.025	93.163	26.914	27.048
	410.089	93.111	26.905	27.039
	411.147	93.225	26.921	27.033
	412.179	93.169	26.926	27.048
	413.214	93.225	26.906	27.057
	414.242	93.162	26.920	27.039
	415.275	93.136	26.923	27.049
	416.310	93.232	26.914	27.044
	417.344	93.162	26.919	27.046
	418.378	93.179	26.908	27.017
	419.429	93.090	26.918	27.054
	420.455	93.171	26.931	27.057
	421.484	93.169	26.938	27.042
	422.514	93.147	26.914	27.043
	423.546	93.216	26.928	27.066
	424.573	93.163	26.916	27.062
	425.622	93.210	26.915	27.035
	426.648	93.104	26.931	27.043
	427.678	93.164	26.927	27.068
	428.707	93.097	26.913	27.053
	429.736	93.044	26.879	27.042
	430.762	93.162	26.917	27.050
	431.789	93.161	26.926	27.051
	432.825	93.129	26.922	27.051
	433.860	93.213	26.937	27.059
	434.888	93.177	26.911	27.049
	435.917	93.115	26.925	27.029
	436.944	93.133	26.933	27.057
	437.971	93.223	26.939	27.050
	439.010	93.200	26.927	27.034
	440.044	93.247	26.924	27.059
	441.072	93.165	26.933	27.057
	442.125	93.113	26.916	27.050
	443.152	93.167	26.906	27.037
	444.184	93.110	26.907	27.054
	445.217	93.222	26.921	27.039
	446.248	93.133	26.943	27.046
	447.281	93.134	26.922	27.064
	448.334	93.071	26.935	27.045
	449.373	93.221	26.911	27.047
	450.407	93.232	26.895	27.059
	451.438	93.154	26.922	27.043
	452.472	93.170	26.917	27.057
	453.503	93.144	26.930	27.049
	454.536	93.100	26.904	27.031
	455.569	93.114	26.913	27.053
	456.599	93.176	26.888	27.027
	457.633	93.166	26.925	27.046
	458.658	93.149	26.933	27.025
	459.680	93.224	26.915	27.045
	460.710	93.150	26.919	27.016
	461.744	93.071	26.911	27.042
	462.769	93.130	26.914	27.028
	463.808	93.150	26.928	27.032
	464.833	93.093	26.928	27.034
	465.862	93.156	26.931	27.049
	466.891	93.290	26.922	27.060
	467.924	93.167	26.927	27.046
	468.958	93.162	26.921	27.033
	469.985	93.215	26.929	27.050
	471.030	93.182	26.916	27.029
	472.062	93.100	26.913	27.018
	473.087	93.217	26.920	27.056
	474.114	93.206	26.928	27.039
	475.148	93.066	26.898	27.037
	476.174	93.139	26.935	27.038
	477.200	93.149	26.899	27.060
	478.225	93.237	26.923	27.036
	479.249	93.295	26.921	27.026
	480.276	93.253	26.921	27.038
	481.301	93.254	26.903	27.056
	482.327	93.269	26.927	27.036
	483.353	93.249	26.908	27.049
	484.377	93.230	26.910	27.043
	485.415	93.290	26.922	27.056
	486.446	93.230	26.924	27.047
	487.473	93.291	26.944	27.047
	488.507	93.388	26.915	27.064
	489.532	93.287	26.906	27.052
	490.553	93.272	26.918	27.037
	491.574	93.290	26.935	27.043
	492.603	93.238	26.898	27.035
	493.626	93.238	26.907	27.038
	494.653	93.321	26.915	27.044
	495.681	93.137	26.899	27.031
	496.705	93.265	26.907	27.040
	497.734	93.226	26.916	27.043
	498.760	93.161	26.914	27.040
	499.781	93.114	26.914	27.046
	500.808	93.218	26.912	27.058
	501.832	93.223	26.903	27.035
	502.857	93.158	26.932	27.056
	503.901	93.267	26.915	27.039
	504.925	93.195	26.903	27.037
	505.950	93.245	26.899	27.038
	506.986	93.219	26.911	27.057
	508.013	93.211	26.908	27.020
	509.039	93.271	26.939	27.056
	510.065	93.242	26.909	27.019
	511.091	93.200	26.915	27.040
	512.118	93.194	26.898	27.051
	513.145	93.138	26.920	27.035
	514.181	93.267	26.920	27.032
	515.211	93.185	26.920	27.029
	516.238	93.319	26.916	27.037
	517.262	93.130	26.897	27.030
	518.287	93.074	26.897	27.037
	519.313	93.105	26.933	27.033
	520.342	93.109	26.938	27.054
	521.371	93.181	26.900	27.043
	522.398	93.149	26.894	27.016
	523.428	93.099	26.911	27.042
	524.453	93.095	26.910	27.037
	525.478	93.135	26.889	27.028
	526.505	93.081	26.903	27.033
	527.540	93.053	26.923	27.046
	528.566	93.038	26.905	27.061
	529.610	93.200	26.893	27.040
	530.635	93.176	26.897	27.043
	531.660	93.249	26.903	27.022
	532.686	93.160	26.898	27.028
	533.712	93.187	26.905	27.025
	534.736	93.188	26.906	27.034
	535.763	93.139	26.901	27.029
	536.793	93.170	26.906	27.023
	537.831	93.127	26.902	27.036
	538.870	93.342	26.893	27.042
	539.928	93.198	26.897	27.033
	540.954	93.301	26.910	27.020
	541.979	93.232	26.908	27.017
	543.009	93.200	26.912	27.013
	544.034	93.228	26.893	27.029
	545.058	93.254	26.884	27.022
	546.086	93.231	26.906	27.041
	547.121	93.174	26.893	27.030
	548.147	93.251	26.900	27.027
	549.173	93.246	26.907	27.018
	550.203	93.226	26.910	27.035
	551.244	93.219	26.913	27.023
	552.272	93.182	26.918	27.028
	553.306	93.267	26.901	27.049
	554.337	93.201	26.914	27.013
	555.363	93.315	26.908	27.048
	556.396	93.157	26.899	27.033
	557.436	93.190	26.890	27.037
	558.467	93.253	26.902	27.051
	559.495	93.197	26.910	27.032
	560.521	93.188	26.895	27.031
	561.552	93.118	26.903	27.021
	562.579	93.389	26.908	27.032
	563.613	93.300	26.899	27.016
	564.651	93.205	26.918	27.036
	565.691	93.117	26.905	27.049
	566.726	93.229	26.903	27.014
	567.756	93.243	26.900	27.019
	568.794	93.277	26.911	27.022
	569.837	93.257	26.904	27.031
	570.871	93.298	26.887	27.033
	571.903	93.268	26.905	27.035
	572.937	93.200	26.885	27.025
	573.991	93.200	26.916	27.030
	575.016	93.191	26.899	27.029
	576.044	93.264	26.915	27.024
	577.075	93.161	26.904	27.016
	578.105	93.256	26.882	27.015
	579.134	93.151	26.890	27.023
	580.160	93.164	26.902	27.022
	581.184	93.139	26.898	27.029
	582.209	93.211	26.891	27.026
	583.245	93.103	26.896	27.022
	584.282	93.128	26.885	27.038
	585.321	93.088	26.895	27.003
	586.349	93.157	26.887	27.022
	587.385	93.048	26.908	27.031
	588.410	93.061	26.897	27.024
	589.435	93.223	26.894	26.994
	590.463	93.262	26.879	27.015
	591.489	93.290	26.890	27.022
	592.515	93.177	26.882	27.022
	593.538	93.075	26.898	27.029
	594.565	93.062	26.889	27.024
	595.589	93.134	26.906	27.017
	596.620	93.258	26.898	27.009
	597.651	93.165	26.888	27.014
	598.678	93.053	26.863	27.008
	599.710	93.122	26.902	27.020
	600.742	93.226	26.897	27.012
	601.776	93.190	26.889	27.015
	602.801	93.217	26.896	27.027
	603.826	93.144	26.904	27.027
	604.856	93.087	26.897	27.024
	605.892	93.163	26.892	27.013
	606.938	93.147	26.908	27.026
	607.964	93.115	26.907	27.015
	608.995	93.090	26.879	27.001
	610.024	93.253	26.872	27.025
	611.058	93.209	26.890	27.018
	612.086	93.030	26.891	27.003
	613.122	93.050	26.872	27.027
	614.149	93.047	26.891	27.012
	615.172	93.146	26.903	27.005
	616.198	93.167	26.893	26.992
	617.229	93.212	26.877	27.012
	618.256	93.182	26.871	27.005
	619.282	93.072	26.877	26.992
	620.304	92.941	26.861	27.002
	621.325	93.076	26.910	27.002
	622.355	93.214	26.881	27.000
	623.405	93.273	26.872	27.011
	624.431	93.185	26.880	27.005
	625.460	93.156	26.880	27.002
	626.512	93.234	26.865	27.006
	627.540	93.100	26.889	27.001
	628.565	93.158	26.890	27.001
	629.603	93.170	26.877	27.005
	630.643	93.100	26.888	26.999
	631.670	93.014	26.870	27.003
	632.701	93.163	26.884	27.017
	633.718	93.116	26.864	26.997
	634.739	93.137	26.892	27.022
	635.759	93.193	26.868	26.990
	636.795	93.240	26.889	26.983
	637.826	93.194	26.873	27.012
	638.855	93.110	26.868	27.006
	639.901	93.190	26.873	27.015
	640.957	93.094	26.861	27.003
	641.979	93.087	26.873	26.997
	643.021	93.186	26.877	27.003
	644.046	93.206	26.852	27.032
	645.071	93.173	26.882	27.011
	646.096	93.053	26.871	26.989
	647.118	93.206	26.880	26.995
	648.144	93.270	26.875	26.982
	649.168	93.224	26.862	27.002
	650.196	93.338	26.857	26.985
	651.225	93.250	26.859	26.994
	652.255	93.231	26.864	26.987
	653.281	93.165	26.878	26.993
	654.335	93.165	26.875	26.993
	655.370	93.152	26.887	27.000
	656.408	93.183	26.873	26.980
	657.433	93.023	26.862	26.996
	658.457	93.204	26.867	26.993
	659.480	93.124	26.857	26.988
	660.505	93.253	26.871	26.988
	661.530	93.170	26.886	26.978
	662.555	93.148	26.866	26.999
	663.580	93.320	26.858	26.989
	664.631	93.239	26.862	26.979
	665.658	93.216	26.878	26.997
	666.686	93.223	26.858	26.986
	667.713	93.205	26.870	27.013
	668.745	93.206	26.848	26.990
	669.773	93.162	26.850	26.969
	670.808	93.255	26.866	26.965
	671.837	93.250	26.855	26.990
	672.870	93.214	26.879	26.987
	673.927	93.245	26.878	26.977
	674.951	93.333	26.857	26.981
	675.976	93.294	26.864	27.000
	677.011	93.422	26.875	26.984
	678.037	93.407	26.865	26.998
	679.074	93.483	26.860	26.996
	680.098	93.308	26.861	26.985
	681.125	93.343	26.855	26.995
	682.157	93.137	26.840	26.980
	683.197	93.220	26.857	26.982
	684.228	93.185	26.870	26.983
	685.259	93.190	26.862	26.993
	686.293	93.238	26.859	26.978
	687.324	93.196	26.862	26.998
	688.352	93.147	26.859	26.988
	689.393	93.256	26.868	26.991
	690.434	93.274	26.886	26.979
	691.471	93.316	26.847	26.969
	692.506	93.256	26.836	26.977
	693.534	93.266	26.852	26.973
	694.567	93.234	26.870	26.981
	695.597	93.162	26.828	26.977
	696.622	93.314	26.848	26.992
	697.654	93.233	26.830	26.997
	698.699	93.269	26.866	26.985
	699.731	93.293	26.858	26.967
	700.766	93.429	26.853	26.967
	701.802	93.267	26.857	26.997
	702.841	93.175	26.838	26.966
	703.869	93.103	26.863	26.997
	704.898	93.175	26.850	26.959
	705.946	93.191	26.863	26.982
	706.984	93.079	26.857	26.981
	708.014	93.226	26.869	27.003
	709.045	93.240	26.852	26.972
	710.075	93.120	26.851	26.978
	711.109	93.250	26.853	26.990
	712.138	93.204	26.837	26.984
	713.169	93.157	26.846	26.958
	714.198	93.239	26.844	26.997
	715.236	93.157	26.879	26.986
	716.272	93.214	26.841	26.972
	717.326	93.193	26.847	26.973
	718.359	93.203	26.852	26.977
	719.388	93.025	26.830	26.960
	720.421	93.187	26.847	26.973
	721.454	93.176	26.852	27.000
	722.506	93.265	26.847	26.956
	723.533	93.117	26.840	26.993
	724.574	93.167	26.830	26.972
	725.597	93.071	26.870	26.961
	726.622	93.174	26.865	26.967
	727.647	93.183	26.852	26.971
	728.675	93.154	26.871	26.981
	729.715	93.113	26.843	26.993
	730.751	93.175	26.840	26.981
	731.782	93.176	26.851	26.967
	732.825	93.083	26.843	26.964
	733.849	93.107	26.852	26.966
	734.874	93.094	26.843	26.987
	735.904	93.029	26.853	26.953
	736.932	93.093	26.837	26.966
	737.961	93.045	26.829	26.983
	738.989	93.080	26.830	26.967
	740.026	93.111	26.838	26.972
	741.064	93.031	26.837	26.956
	742.094	93.108	26.830	26.967
	743.141	93.208	26.861	26.985
	744.177	93.256	26.849	26.950
	745.201	93.143	26.838	26.953
	746.229	93.290	26.861	26.962
	747.263	93.202	26.847	26.958
	748.301	93.181	26.853	26.983
	749.335	93.068	26.835	26.968
	750.361	92.967	26.858	26.962
	751.388	93.151	26.832	26.999
	752.416	93.142	26.836	26.956
	753.445	93.159	26.843	26.963
	754.471	93.295	26.854	26.967
	755.511	93.230	26.866	26.961
	756.536	93.091	26.842	26.968
	757.572	93.074	26.856	26.955
	758.604	93.190	26.817	26.991
	759.635	93.271	26.860	26.969
	760.668	93.344	26.849	26.961
	761.697	93.182	26.862	26.971
	762.763	93.109	26.866	26.969
	763.789	93.080	26.864	26.988
	764.816	93.082	26.840	26.987
	765.871	93.200	26.867	26.945
	766.904	93.293	26.859	26.960
	767.929	93.165	26.852	26.999
	768.955	93.141	26.848	26.974
	769.978	93.244	26.838	26.946
	771.002	93.131	26.840	26.978
	772.029	93.143	26.855	26.980
	773.053	93.178	26.841	26.965
	774.079	93.196	26.870	26.949
	775.105	93.149	26.851	26.976
	776.134	93.240	26.844	26.975
	777.159	93.179	26.857	26.964
	778.192	93.249	26.857	26.964
	779.214	93.169	26.861	26.978
	780.239	93.146	26.846	26.971
	781.263	93.122	26.828	26.973
	782.290	93.159	26.837	26.965
	783.315	93.152	26.841	26.974
	784.340	93.109	26.839	26.957
	785.365	93.199	26.849	26.987
	786.386	93.064	26.871	26.970
	787.416	93.225	26.842	26.956
	788.446	93.183	26.841	26.964
