	% 10/3/2018	
	% 3:30 PM	
	% SAMPLE D mass: 142.398 +/- .001 g
	% CALORIMETER mass: 318.3 +/- .05 g	
	%Time (s) 	Water Temperature (C) 	Sample Temp (C) 	
	0.000	93.138	26.015	26.169
	8.536	93.375	25.997	26.144
	9.557	93.428	25.994	26.133
	10.573	93.366	26.009	26.143
	11.588	93.192	26.019	26.145
	12.603	93.200	26.013	26.140
	13.621	93.142	26.009	26.155
	14.638	93.223	25.996	26.134
	15.655	93.268	25.985	26.117
	16.673	93.259	26.004	26.160
	17.686	93.262	25.992	26.138
	18.702	93.252	25.993	26.137
	19.732	93.339	25.990	26.131
	20.749	93.312	26.002	26.129
	21.767	93.379	25.979	26.142
	22.801	93.164	26.008	26.115
	23.817	93.334	25.973	26.130
	24.857	93.338	26.004	26.115
	25.876	93.477	25.985	26.125
	26.894	93.538	25.992	26.128
	27.919	93.425	25.993	26.126
	28.938	93.514	26.001	26.129
	29.959	93.525	25.969	26.122
	30.977	93.474	25.988	26.143
	31.995	93.498	25.982	26.130
	33.019	93.382	25.986	26.096
	34.036	93.333	25.995	26.126
	35.096	93.106	25.986	26.122
	36.119	93.269	25.991	26.107
	37.136	93.476	25.983	26.127
	38.152	93.447	25.948	26.119
	39.176	93.434	25.974	26.102
	40.193	93.467	25.976	26.112
	41.223	93.478	25.978	26.110
	42.241	93.318	25.966	26.106
	43.257	93.233	25.990	26.103
	44.274	93.466	25.955	26.120
	45.292	93.469	25.956	26.081
	46.308	93.357	25.950	26.108
	47.323	93.419	25.946	26.108
	48.339	93.514	25.967	26.115
	49.356	93.384	25.945	26.115
	50.371	93.389	25.951	26.093
	51.390	93.405	25.971	26.098
	52.406	93.313	25.970	26.072
	53.424	93.291	25.950	26.084
	54.440	93.286	25.940	26.086
	55.459	93.417	25.956	26.088
	56.477	93.160	25.935	26.071
	57.493	93.239	25.948	26.078
	58.509	93.226	25.941	26.055
	59.525	93.333	25.943	26.075
	60.541	93.308	25.959	26.087
	61.561	93.259	25.931	26.075
	62.578	93.062	25.917	26.076
	63.620	93.177	25.932	26.070
	64.636	93.147	25.926	26.054
	65.653	93.339	25.944	26.065
	66.669	93.301	25.924	26.076
	67.685	93.181	25.914	26.060
	68.700	93.232	25.926	26.068
	69.719	93.258	25.929	26.047
	70.736	93.310	25.920	26.065
	71.756	93.123	25.945	26.067
	72.774	93.198	25.900	26.081
	73.793	93.183	25.931	26.070
	74.810	93.251	25.935	26.057
	75.828	93.140	25.903	26.046
	76.843	93.205	25.915	26.054
	77.859	93.280	25.912	26.043
	78.876	93.250	25.922	26.045
	79.893	93.194	25.883	26.027
	80.911	93.371	25.908	26.057
	81.929	93.056	25.906	26.042
	82.945	93.137	25.916	26.043
	83.962	93.273	25.922	26.064
	84.981	93.211	25.916	26.043
	85.997	93.175	25.905	26.032
	87.015	93.250	25.881	26.035
	88.051	93.291	25.914	26.030
	89.069	93.343	25.892	26.040
	90.087	93.205	25.899	26.043
	91.104	93.250	25.913	26.028
	92.123	93.167	25.915	26.050
	93.139	93.280	25.911	26.029
	94.157	93.308	25.901	26.033
	95.175	93.156	25.904	26.018
	96.207	93.176	25.887	26.026
	97.225	93.080	25.885	26.009
	98.243	93.153	25.913	26.024
	99.258	93.055	25.868	26.030
	100.275	93.253	25.879	26.013
	101.291	93.122	25.888	26.020
	102.312	93.122	25.886	26.022
	103.329	92.995	25.893	26.036
	104.349	93.211	25.876	26.026
	105.366	93.227	25.861	26.035
	106.384	93.222	25.870	26.023
	107.404	93.364	25.856	26.009
	108.422	93.277	25.872	26.015
	109.441	93.219	25.859	26.015
	110.458	93.242	25.867	25.995
	111.478	93.222	25.867	26.008
	112.495	93.155	25.873	26.010
	113.520	93.187	25.858	25.990
	114.537	93.110	25.896	26.026
	115.557	93.294	25.870	26.005
	116.573	93.221	25.863	26.020
	117.592	93.234	25.867	25.987
	118.609	93.387	25.880	26.004
	119.627	93.243	25.845	26.012
	120.647	93.284	25.864	25.995
	121.666	93.311	25.845	25.995
	122.686	93.214	25.869	25.992
	123.703	93.320	25.862	25.997
	124.720	93.322	25.838	26.006
	125.739	93.116	25.852	25.983
	126.758	93.178	25.858	25.990
	127.779	93.054	25.819	26.012
	128.799	93.105	25.853	25.999
	129.818	93.012	25.848	26.001
	130.839	93.086	25.836	25.997
	131.856	93.046	25.873	25.970
	132.879	93.050	25.845	26.017
	133.896	93.377	25.845	25.987
	134.916	92.985	25.866	25.977
	135.931	93.059	25.842	25.981
	136.951	93.191	25.876	26.002
	137.979	92.897	25.839	25.994
	138.998	92.975	25.839	25.973
	140.024	93.143	25.835	25.999
	141.042	93.187	25.835	25.948
	142.061	93.063	25.842	25.974
	143.079	93.224	25.851	25.990
	144.099	93.274	25.861	25.967
	145.122	93.093	25.839	25.979
	146.140	93.159	25.834	25.988
	147.159	93.236	25.827	25.984
	148.179	93.358	25.844	25.975
	149.199	93.064	25.842	25.973
	150.218	93.226	25.824	25.969
	151.238	93.086	25.832	25.994
	152.259	93.308	25.838	25.965
	153.279	93.303	25.827	25.979
	154.315	93.334	25.829	25.979
	155.335	93.156	25.823	25.968
	156.356	93.330	25.835	25.985
	157.381	93.332	25.838	25.967
	158.400	93.194	25.838	25.959
	159.418	93.204	25.829	25.969
	160.439	93.203	25.836	25.971
	161.461	93.324	25.847	25.960
	162.483	93.128	25.820	25.983
	163.503	93.203	25.823	25.977
	164.523	93.110	25.826	25.976
	165.544	93.237	25.824	25.958
	166.562	93.226	25.819	25.951
	167.582	93.269	25.825	25.988
	168.602	93.399	25.811	25.964
	169.627	93.338	25.812	25.985
	170.668	92.910	25.827	25.962
	171.689	93.243	25.829	25.943
	172.709	93.230	25.813	25.948
	173.730	93.290	25.796	25.955
	174.752	93.205	25.805	25.969
	175.797	93.412	25.794	25.972
	176.821	93.295	25.820	25.962
	177.842	93.307	25.820	25.960
	178.861	93.033	25.811	25.956
	179.879	93.159	25.803	25.964
	180.900	93.074	25.808	25.955
	181.957	93.088	25.806	25.971
	182.974	93.060	25.797	25.950
	183.995	93.155	25.803	25.952
	185.015	93.116	25.810	25.947
	186.033	93.109	25.795	25.945
	187.057	93.207	25.802	25.975
	188.078	93.095	25.802	25.973
	189.097	93.195	25.789	25.933
	190.122	93.023	25.833	25.961
	191.141	93.060	25.805	25.949
	192.160	93.137	25.805	25.959
	193.178	93.240	25.802	25.954
	194.200	93.117	25.811	25.928
	195.221	93.008	25.786	25.958
	196.240	93.222	25.793	25.936
	197.258	93.408	25.791	25.956
	198.286	93.375	25.792	25.942
	199.309	93.424	25.776	25.937
	200.329	93.099	25.795	25.943
	201.346	93.144	25.792	25.949
	202.365	93.113	25.806	25.912
	203.384	93.164	25.792	25.930
	204.405	93.148	25.795	25.960
	205.420	93.411	25.796	25.930
	206.440	93.263	25.789	25.943
	207.459	93.119	25.804	25.910
	208.479	93.282	25.765	25.921
	209.502	93.285	25.802	25.932
	210.523	93.209	25.789	25.937
	211.545	93.252	25.786	25.924
	212.565	93.280	25.788	25.939
	213.587	93.453	25.780	25.923
	214.611	93.294	25.777	25.928
	215.633	93.395	25.792	25.947
	216.653	93.330	25.773	25.931
	217.677	93.352	25.782	25.932
	218.691	93.304	25.773	25.918
	219.710	93.159	25.792	25.938
	220.729	93.229	25.791	25.915
	221.748	93.135	25.773	25.913
	222.788	93.077	25.770	25.932
	223.809	93.065	25.763	25.928
	224.827	93.227	25.775	25.928
	225.846	93.353	25.773	25.935
	226.867	93.330	25.788	25.937
	227.889	93.118	25.787	25.931
	228.909	93.364	25.778	25.922
	229.929	93.372	25.770	25.918
	230.946	93.237	25.769	25.915
	231.967	93.141	25.784	25.925
	232.988	93.246	25.783	25.923
	234.006	93.049	25.760	25.934
	235.027	93.081	25.784	25.932
	236.050	93.100	25.807	25.918
	237.070	93.070	25.781	25.919
	238.092	93.047	25.786	25.936
	239.112	93.178	25.780	25.903
	240.130	93.385	25.786	25.910
	241.151	93.270	25.791	25.927
	242.173	93.149	25.780	25.926
	243.195	93.057	25.767	25.912
	244.213	93.192	25.753	25.950
	245.233	93.028	25.785	25.909
	246.251	93.381	25.784	25.934
	247.290	93.296	25.768	25.909
	248.309	93.133	25.773	25.922
	249.331	93.082	25.770	25.933
	250.352	93.110	25.770	25.926
	251.374	93.086	25.766	25.923
	252.396	93.131	25.764	25.937
	253.414	93.054	25.760	25.893
	254.440	93.013	25.775	25.917
	255.461	93.162	25.750	25.937
	256.488	93.348	25.777	25.934
	257.509	93.240	25.773	25.937
	258.530	93.410	25.748	25.901
	259.553	93.219	25.787	25.916
	260.575	93.260	25.768	25.925
	261.598	93.351	25.767	25.911
	262.619	93.324	25.751	25.907
	263.642	93.452	25.760	25.912
	264.660	93.519	25.751	25.910
	265.676	93.523	25.764	25.904
	266.696	93.434	25.765	25.912
	267.727	93.388	25.777	25.906
	268.745	93.251	25.783	25.908
	269.765	93.296	25.767	25.918
	270.783	93.099	25.770	25.909
	271.811	93.347	25.763	25.915
	272.831	93.286	25.742	25.914
	273.852	93.250	25.747	25.908
	274.873	93.317	25.755	25.919
	275.897	93.275	25.765	25.903
	276.918	93.256	25.768	25.912
	277.939	93.110	25.781	25.906
	278.959	93.236	25.759	25.905
	279.989	93.268	25.762	25.913
	281.017	93.326	25.747	25.925
	282.043	93.113	25.762	25.903
	283.069	93.148	25.761	25.913
	284.102	93.121	25.759	25.915
	285.135	93.138	25.757	25.902
	286.170	93.196	25.738	25.903
	287.195	93.056	25.730	25.912
	288.221	93.093	25.748	25.904
	289.250	93.323	25.746	25.903
	290.279	93.394	25.738	25.914
	291.307	93.246	25.760	25.902
	292.342	93.066	25.765	25.910
	293.371	93.278	25.759	25.908
	294.402	93.101	25.742	25.917
	295.440	92.934	25.782	25.894
	296.471	93.181	25.746	25.908
	297.501	93.182	25.743	25.892
	298.526	93.208	25.757	25.894
	299.553	93.163	25.736	25.897
	300.577	93.255	25.760	25.882
	301.602	93.145	25.740	25.903
	302.630	93.074	25.733	25.907
	303.661	93.309	25.755	25.894
	304.688	93.182	25.757	25.894
	305.715	93.463	25.734	25.893
	306.746	93.373	25.766	25.893
	307.774	92.944	25.756	25.899
	308.804	93.230	25.751	25.882
	309.845	93.202	25.743	25.895
	310.874	93.215	25.751	25.893
	311.893	93.311	25.733	25.890
	312.954	93.115	25.753	25.906
	313.999	92.983	25.739	25.904
	315.025	93.221	25.748	25.885
	316.051	93.199	25.723	25.904
	317.075	92.976	25.731	25.883
	318.103	93.012	25.752	25.873
	319.133	93.187	25.739	25.874
	320.166	93.363	25.736	25.886
	321.205	93.367	25.710	25.910
	322.239	93.292	25.747	25.880
	323.272	93.224	25.736	25.890
	324.301	93.298	25.730	25.881
	325.329	93.293	25.741	25.882
	326.366	93.254	25.735	25.887
	327.397	93.136	25.757	25.902
	328.431	93.242	25.731	25.900
	329.464	93.242	25.737	25.906
	330.495	93.274	25.763	25.898
	331.524	93.338	25.724	25.886
	332.554	93.496	25.753	25.886
	333.585	93.153	25.743	25.873
	334.618	93.313	25.742	25.884
	335.647	93.232	25.736	25.899
	336.677	93.195	25.727	25.886
	337.706	93.105	25.724	25.890
	338.734	93.348	25.745	25.881
	339.759	93.377	25.715	25.904
	340.791	93.189	25.737	25.896
	341.826	93.343	25.739	25.888
	342.851	93.400	25.743	25.867
	343.880	93.153	25.727	25.863
	344.906	93.336	25.739	25.886
	345.940	93.171	25.732	25.873
	346.986	93.156	25.735	25.872
	348.018	92.973	25.769	25.879
	349.045	93.347	25.734	25.901
	350.070	93.411	25.698	25.877
	351.103	93.152	25.733	25.871
	352.140	93.352	25.745	25.907
	353.177	93.155	25.725	25.887
	354.209	93.019	25.745	25.887
	355.241	93.166	25.728	25.853
	356.272	93.063	25.741	25.884
	357.314	93.178	25.728	25.893
	358.343	93.271	25.753	25.875
	359.372	93.174	25.716	25.874
	360.400	93.086	25.742	25.862
	361.436	93.216	25.729	25.879
	362.465	93.421	25.710	25.858
	363.498	93.382	25.745	25.862
	364.524	93.412	25.734	25.876
	365.550	93.327	25.726	25.905
	366.575	93.441	25.727	25.870
	367.599	93.352	25.734	25.871
	368.632	93.281	25.723	25.872
	369.666	93.336	25.731	25.887
	370.700	93.160	25.717	25.874
	371.736	93.390	25.727	25.863
	372.771	93.199	25.752	25.907
	373.802	93.479	25.754	25.878
	374.833	93.465	25.740	25.890
	375.883	93.468	25.729	25.887
	376.915	93.380	25.730	25.892
	377.945	93.162	25.733	25.902
	378.982	93.299	25.716	25.890
	380.014	93.393	25.737	25.872
	381.045	93.424	25.744	25.876
	382.070	93.347	25.742	25.878
	383.099	93.172	25.735	25.888
	384.127	93.290	25.734	25.887
	385.159	93.498	25.746	25.889
	386.192	93.073	25.741	25.898
	387.225	93.440	25.740	25.886
	388.259	93.416	25.743	25.880
	389.287	93.282	25.747	25.874
	390.318	93.380	25.745	25.878
	391.352	93.215	25.734	25.879
	392.381	93.238	25.742	25.889
	393.416	93.240	25.727	25.879
	394.473	93.275	25.743	25.873
	395.526	93.211	25.716	25.897
	396.568	93.336	25.755	25.889
	397.599	93.470	25.750	25.873
	398.637	93.528	25.749	25.873
	399.679	93.258	25.716	25.889
	400.714	93.447	25.729	25.877
	401.746	93.422	25.735	25.875
	402.782	93.073	25.733	25.892
	403.818	93.190	25.734	25.890
	404.854	93.332	25.707	25.896
	405.886	93.270	25.758	25.876
	406.923	93.259	25.742	25.867
	407.954	93.280	25.727	25.870
	408.990	93.104	25.727	25.899
	410.019	93.115	25.739	25.876
	411.057	93.267	25.724	25.896
	412.090	93.117	25.732	25.884
	413.131	93.094	25.733	25.897
	414.162	93.194	25.747	25.894
	415.202	93.354	25.746	25.870
	416.232	93.373	25.728	25.898
	417.266	93.177	25.721	25.871
	418.295	93.312	25.721	25.895
	419.322	93.377	25.726	25.890
	420.351	93.485	25.751	25.868
	421.381	93.268	25.727	25.879
	422.410	93.287	25.728	25.883
	423.439	93.419	25.714	25.889
	424.474	93.346	25.709	25.882
	425.510	93.319	25.725	25.883
	426.545	93.338	25.725	25.885
	427.569	93.267	25.730	25.881
	428.599	93.383	25.737	25.877
	429.623	93.389	25.712	25.866
	430.655	93.394	25.730	25.890
	431.684	93.270	25.727	25.887
	432.727	93.403	25.746	25.881
	433.756	93.429	25.733	25.882
	434.788	93.454	25.734	25.883
	435.814	93.278	25.717	25.899
	436.840	93.396	25.710	25.869
	437.865	93.308	25.734	25.882
	438.918	93.464	25.734	25.853
	439.976	93.261	25.730	25.882
	441.007	93.262	25.745	25.887
	442.044	93.255	25.723	25.870
	443.075	93.368	25.736	25.880
	444.099	93.471	25.719	25.869
	445.129	93.338	25.719	25.876
	446.154	93.305	25.719	25.866
	447.185	93.176	25.728	25.900
	448.217	93.263	25.730	25.868
	449.247	93.270	25.727	25.891
	450.274	93.309	25.724	25.877
	451.299	93.225	25.736	25.862
	452.335	93.370	25.708	25.850
	453.425	93.032	25.719	25.872
	454.482	92.983	25.718	25.848
	455.540	93.289	25.714	25.884
	456.575	93.317	25.720	25.872
	457.605	93.207	25.718	25.867
	458.644	93.386	25.716	25.873
	459.683	93.216	25.712	25.873
	460.707	93.364	25.727	25.876
	461.796	93.012	25.746	25.833
	462.827	93.203	25.732	25.895
	463.863	93.484	25.736	25.876
	464.894	93.231	25.722	25.873
	465.927	93.162	25.714	25.874
	466.964	93.210	25.721	25.873
	468.006	93.345	25.715	25.869
	469.050	93.368	25.732	25.875
	470.088	93.451	25.723	25.885
	471.130	93.499	25.720	25.885
	472.174	93.303	25.724	25.845
	473.206	93.337	25.730	25.894
	474.236	93.279	25.731	25.884
	475.264	93.415	25.714	25.865
	476.300	93.200	25.746	25.879
	477.335	93.284	25.727	25.889
	478.368	93.355	25.718	25.866
	479.402	93.431	25.710	25.877
	480.435	93.317	25.716	25.869
	481.471	93.436	25.718	25.866
	482.496	93.503	25.716	25.856
	483.529	93.532	25.724	25.866
	484.571	93.380	25.720	25.862
	485.611	93.532	25.721	25.867
	486.647	93.456	25.733	25.873
	487.681	93.232	25.724	25.877
	488.707	93.245	25.701	25.884
	489.736	93.413	25.710	25.866
	490.763	93.517	25.718	25.877
	491.792	93.195	25.733	25.893
	492.821	93.366	25.735	25.864
	493.862	93.130	25.731	25.886
	494.892	93.495	25.728	25.879
	495.926	93.277	25.704	25.875
	496.961	93.142	25.712	25.866
	497.988	93.476	25.723	25.866
	499.015	93.333	25.713	25.855
	500.045	93.396	25.717	25.860
	501.074	93.397	25.727	25.865
	502.115	93.199	25.719	25.876
	503.145	93.353	25.720	25.845
	504.181	93.313	25.720	25.887
	505.212	93.206	25.713	25.881
	506.247	93.229	25.728	25.886
	507.279	93.338	25.725	25.887
	508.316	92.979	25.721	25.865
	509.346	93.296	25.728	25.864
	510.382	93.396	25.725	25.870
	511.413	93.323	25.704	25.873
	512.447	93.337	25.712	25.853
	513.473	93.274	25.697	25.860
	514.500	93.210	25.710	25.870
	515.527	93.074	25.705	25.863
	516.553	93.215	25.684	25.885
	517.582	93.371	25.707	25.876
	518.617	93.402	25.721	25.859
	519.653	93.463	25.708	25.868
	520.682	93.149	25.715	25.872
	521.715	93.400	25.712	25.868
	522.747	93.356	25.713	25.870
	523.777	93.444	25.713	25.866
	524.812	93.423	25.693	25.866
	525.844	93.415	25.721	25.862
	526.871	93.370	25.703	25.854
	527.897	93.359	25.684	25.851
	528.923	93.415	25.708	25.848
	529.994	93.419	25.707	25.891
	531.028	93.248	25.728	25.858
	532.054	93.286	25.715	25.865
	533.088	93.119	25.719	25.865
	534.113	93.179	25.718	25.872
	535.144	93.341	25.708	25.825
	536.177	93.391	25.686	25.853
	537.207	93.590	25.710	25.855
	538.256	93.293	25.695	25.847
	539.286	93.375	25.685	25.861
	540.320	93.300	25.702	25.869
	541.354	93.420	25.708	25.853
	542.401	93.296	25.704	25.866
	543.427	93.394	25.713	25.860
	544.466	93.267	25.712	25.835
	545.500	93.264	25.694	25.852
	546.528	93.400	25.705	25.844
	547.564	93.295	25.712	25.853
	548.594	93.253	25.724	25.859
	549.621	93.409	25.672	25.845
	550.654	93.336	25.701	25.858
	551.682	93.418	25.709	25.841
	552.714	93.410	25.694	25.848
	553.746	93.416	25.688	25.861
	554.791	93.322	25.701	25.856
	555.826	93.255	25.711	25.838
	556.862	93.090	25.702	25.853
	557.893	93.341	25.699	25.845
	558.926	93.502	25.703	25.845
	559.954	93.391	25.719	25.862
	560.987	93.218	25.698	25.860
	562.018	93.199	25.698	25.861
	563.060	93.167	25.685	25.860
	564.091	93.318	25.705	25.862
	565.119	93.402	25.681	25.849
	566.153	93.256	25.696	25.838
	567.184	93.017	25.701	25.886
	568.214	93.147	25.700	25.841
	569.243	93.199	25.696	25.842
	570.271	93.180	25.706	25.837
	571.300	92.930	25.693	25.856
	572.328	93.173	25.704	25.839
	573.348	92.708	25.702	25.858
	574.381	93.220	25.707	25.842
	575.415	93.254	25.693	25.852
	576.446	93.171	25.692	25.852
	577.475	93.015	25.697	25.858
	578.506	93.028	25.687	25.832
	579.540	93.158	25.707	25.850
	580.576	93.099	25.707	25.862
	581.645	93.304	25.682	25.860
	582.672	93.116	25.684	25.840
	583.709	93.095	25.705	25.869
	584.739	93.267	25.721	25.831
	585.778	93.022	25.706	25.856
	586.836	93.283	25.723	25.874
	587.878	93.323	25.711	25.870
	588.938	93.326	25.700	25.843
	589.993	93.064	25.702	25.836
	591.026	93.312	25.733	25.829
	592.084	93.356	25.681	25.848
	593.160	93.278	25.721	25.856
	594.189	93.349	25.697	25.850
	595.229	93.460	25.705	25.836
	596.257	93.200	25.690	25.844
	597.315	93.396	25.694	25.846
	598.371	93.277	25.712	25.871
	599.408	93.396	25.694	25.844
	600.437	93.159	25.702	25.843
	601.472	93.191	25.713	25.849
	602.507	93.109	25.716	25.850
	603.542	93.196	25.691	25.863
	604.576	93.337	25.713	25.856
	605.610	93.290	25.692	25.859
	606.661	93.168	25.693	25.850
	607.724	93.078	25.696	25.839
	608.758	93.252	25.707	25.848
	609.798	92.977	25.693	25.846
	610.831	93.091	25.697	25.848
	611.854	93.022	25.702	25.835
	612.880	93.236	25.684	25.862
	613.908	92.686	25.697	25.855
	614.965	93.150	25.695	25.835
	616.053	93.075	25.699	25.843
	617.149	92.927	25.702	25.844
	618.180	92.979	25.699	25.845
	619.234	93.007	25.693	25.867
	620.266	93.143	25.714	25.852
	621.304	93.168	25.697	25.839
	622.342	93.055	25.699	25.848
	623.374	93.107	25.702	25.847
	624.447	93.181	25.694	25.866
	625.504	93.269	25.713	25.832
	626.535	93.038	25.711	25.832
	627.575	93.185	25.697	25.835
	628.609	93.155	25.703	25.843
	629.642	93.224	25.684	25.845
	630.678	93.294	25.696	25.843
	631.721	93.238	25.686	25.851
	632.745	93.133	25.694	25.843
	633.779	92.945	25.682	25.856
	634.829	93.031	25.700	25.840
	635.861	93.022	25.703	25.861
	636.899	93.199	25.697	25.848
	637.937	93.006	25.692	25.868
	638.972	93.100	25.708	25.816
	640.024	93.128	25.706	25.851
	641.083	93.211	25.705	25.853
	642.115	93.179	25.689	25.840
	643.145	93.194	25.691	25.859
	644.175	93.130	25.718	25.854
	645.204	93.114	25.691	25.842
	646.241	93.129	25.699	25.846
	647.310	92.954	25.683	25.847
	648.364	93.076	25.679	25.849
	649.396	93.331	25.702	25.839
	650.431	93.209	25.697	25.852
	651.458	93.302	25.686	25.871
	652.491	93.139	25.707	25.841
	653.524	93.114	25.695	25.846
	654.578	93.145	25.693	25.843
	655.642	93.250	25.705	25.825
	656.674	93.083	25.706	25.836
	657.697	93.171	25.685	25.841
	658.724	93.145	25.716	25.851
	659.757	93.178	25.703	25.833
	660.785	93.181	25.681	25.846
	661.829	93.117	25.704	25.847
	662.862	93.092	25.698	25.833
	663.890	93.164	25.685	25.831
	664.919	93.198	25.709	25.829
	665.947	93.146	25.690	25.841
	666.978	93.175	25.713	25.823
	668.013	93.010	25.694	25.845
	669.044	92.906	25.692	25.844
	670.077	92.851	25.693	25.828
	671.125	93.096	25.700	25.837
	672.154	93.205	25.709	25.852
	673.183	93.157	25.698	25.844
	674.219	93.337	25.685	25.832
	675.248	93.175	25.680	25.825
	676.286	93.043	25.684	25.865
	677.318	93.103	25.689	25.842
	678.352	93.128	25.701	25.865
	679.383	93.072	25.679	25.839
	680.413	93.137	25.689	25.851
	681.447	93.071	25.692	25.831
	682.477	92.968	25.682	25.836
	683.506	92.974	25.699	25.840
	684.535	93.098	25.685	25.836
	685.561	93.181	25.677	25.827
	686.588	93.353	25.692	25.832
	687.622	93.251	25.683	25.856
	688.653	93.024	25.681	25.841
	689.675	92.711	25.694	25.826
	690.704	92.899	25.683	25.845
	691.726	93.219	25.695	25.821
	692.757	93.219	25.697	25.822
	693.788	93.217	25.676	25.839
	694.822	93.322	25.669	25.832
	695.859	93.353	25.690	25.831
	696.888	93.130	25.703	25.824
	697.918	93.341	25.713	25.827
	698.945	93.053	25.660	25.854
	699.976	93.301	25.689	25.845
	701.009	93.312	25.684	25.835
	702.037	93.177	25.686	25.837
	703.070	93.228	25.670	25.830
	704.098	93.361	25.662	25.830
	705.125	93.240	25.695	25.818
	706.156	93.270	25.678	25.830
	707.186	93.279	25.677	25.844
	708.215	93.313	25.684	25.822
	709.246	93.157	25.682	25.836
	710.275	93.157	25.682	25.826
	711.305	93.150	25.703	25.830
	712.335	93.128	25.654	25.834
	713.371	93.317	25.688	25.826
	714.403	93.201	25.687	25.852
	715.438	93.185	25.684	25.820
	716.469	93.374	25.676	25.825
	717.508	93.092	25.678	25.823
	718.538	93.354	25.695	25.819
	719.579	93.156	25.676	25.829
	720.609	93.143	25.676	25.821
	721.642	93.072	25.684	25.829
	722.822	93.084	25.684	25.827
	723.857	92.863	25.676	25.827
	724.882	93.055	25.694	25.819
	725.909	93.203	25.660	25.824
	726.935	93.187	25.665	25.818
	727.969	93.002	25.694	25.825
	729.006	93.092	25.687	25.809
	730.042	93.081	25.699	25.837
	731.075	93.053	25.674	25.811
	732.112	93.013	25.685	25.832
	733.143	93.278	25.669	25.827
	734.172	92.936	25.682	25.819
	735.209	93.215	25.677	25.821
	736.247	93.256	25.672	25.846
	737.284	93.237	25.673	25.826
	738.319	92.834	25.692	25.823
	739.349	93.226	25.702	25.826
	740.383	93.065	25.690	25.835
	741.424	93.116	25.684	25.829
	742.467	93.057	25.671	25.823
	743.506	93.325	25.700	25.821
	744.543	93.146	25.688	25.819
	745.572	93.157	25.675	25.833
	746.599	93.187	25.687	25.839
	747.627	93.136	25.680	25.827
	748.695	93.218	25.680	25.846
	749.763	93.206	25.701	25.845
	750.797	93.248	25.675	25.808
	751.849	93.206	25.673	25.836
	752.879	93.133	25.665	25.839
	753.906	93.182	25.662	25.834
	754.939	93.159	25.687	25.790
	755.978	93.471	25.685	25.827
	757.013	93.520	25.686	25.836
	758.041	93.333	25.686	25.822
	759.068	93.237	25.672	25.812
	760.101	93.303	25.664	25.827
	761.129	93.388	25.673	25.848
	762.166	93.356	25.668	25.839
	763.201	93.338	25.685	25.827
	764.228	93.214	25.683	25.811
	765.258	93.038	25.688	25.839
	766.293	93.161	25.666	25.822
	767.329	93.185	25.661	25.829
	768.393	93.370	25.670	25.828
	769.467	93.203	25.678	25.842
	770.505	93.254	25.646	25.824
	771.538	93.426	25.678	25.812
	772.568	93.341	25.657	25.833
	773.602	93.080	25.664	25.826
	774.635	93.041	25.684	25.810
	775.662	93.016	25.680	25.846
	776.699	93.242	25.670	25.826
	777.729	93.265	25.683	25.814
	778.757	93.245	25.673	25.828
	779.794	93.350	25.667	25.818
	780.828	93.486	25.682	25.816
	781.846	93.331	25.678	25.808
	782.877	93.297	25.693	25.813
	783.913	93.163	25.683	25.827
	784.950	93.033	25.692	25.812
	785.981	93.026	25.673	25.823
	787.022	93.102	25.675	25.841
	788.047	93.175	25.663	25.818
	789.074	93.262	25.672	25.851
	790.102	93.290	25.665	25.823
	791.134	93.002	25.651	25.837
	792.203	93.273	25.665	25.840
	793.261	93.240	25.645	25.834
	794.290	93.236	25.679	25.833
	795.317	93.425	25.686	25.828
	796.349	93.246	25.692	25.813
	797.378	93.215	25.682	25.816
	798.465	93.198	25.682	25.793
	799.561	93.279	25.685	25.811
	800.595	93.412	25.692	25.799
	801.627	93.297	25.684	25.835
	802.656	93.082	25.685	25.819
	803.687	93.030	25.673	25.815
	804.726	93.066	25.673	25.819
	805.754	93.126	25.675	25.817
	806.787	93.243	25.677	25.828
	807.817	93.236	25.679	25.826
	808.849	93.059	25.670	25.812
	809.880	93.100	25.672	25.809
	810.910	93.310	25.673	25.802
	811.946	93.248	25.680	25.817
	812.981	93.077	25.652	25.814
	814.019	93.042	25.657	25.803
	815.049	92.934	25.681	25.836
	816.079	92.925	25.652	25.809
	817.114	93.222	25.651	25.813
	818.143	93.392	25.678	25.807
	819.174	93.205	25.642	25.806
	820.204	93.010	25.674	25.823
	821.233	93.196	25.665	25.800
	822.254	92.929	25.669	25.812
	823.281	92.748	25.666	25.816
	824.313	93.079	25.684	25.816
	825.347	93.142	25.649	25.782
	826.400	93.195	25.662	25.816
	827.451	93.281	25.668	25.809
	828.477	93.040	25.659	25.804
	829.514	92.914	25.653	25.818
	830.550	93.033	25.662	25.803
	831.578	93.439	25.669	25.813
	832.621	93.353	25.655	25.820
	833.665	93.115	25.692	25.826
	834.698	93.174	25.670	25.829
	835.727	93.100	25.670	25.815
	836.755	93.320	25.676	25.808
	837.786	93.206	25.664	25.818
	838.817	93.183	25.675	25.823
	839.849	92.901	25.660	25.803
	840.877	93.100	25.665	25.795
	841.904	92.996	25.682	25.801
	842.925	93.105	25.660	25.785
	843.952	93.244	25.669	25.816
	844.982	93.313	25.658	25.816
	846.010	93.298	25.658	25.798
	847.030	93.171	25.644	25.800
	848.062	92.944	25.667	25.789
	849.093	93.028	25.665	25.811
	850.124	93.183	25.652	25.809
	851.144	93.068	25.647	25.809
	852.213	93.039	25.668	25.806
	853.244	92.939	25.662	25.827
	854.282	93.088	25.664	25.808
	855.317	93.304	25.676	25.779
	856.361	92.875	25.657	25.816
	857.385	93.196	25.670	25.797
	858.415	93.034	25.659	25.807
	859.457	93.126	25.656	25.799
	860.489	92.823	25.655	25.793
	861.514	93.161	25.645	25.798
	862.542	93.503	25.660	25.799
	863.566	93.007	25.675	25.811
	864.628	93.174	25.665	25.831
	865.684	93.332	25.657	25.779
	866.720	92.966	25.681	25.808
	867.754	93.230	25.660	25.796
	868.789	92.961	25.661	25.787
	869.821	93.212	25.666	25.812
	870.849	93.063	25.644	25.793
	871.881	93.099	25.680	25.792
	872.914	93.244	25.717	25.820
	873.946	93.286	25.776	25.863
	874.979	93.054	25.808	25.923
	876.007	93.244	25.899	26.079
	877.073	93.044	25.983	26.115
	878.100	92.876	25.997	26.159
	879.125	92.783	26.066	26.250
	880.161	93.177	26.154	26.306
	881.196	93.220	26.206	26.356
	882.234	93.106	26.248	26.425
	883.280	93.133	26.341	26.496
	884.319	93.129	26.408	26.574
	885.350	93.111	26.464	26.640
	886.415	93.341	26.529	26.691
	887.500	93.893	26.620	26.785
	888.534	93.171	26.656	26.822
	889.564	93.256	26.731	26.885
	890.593	93.848	26.787	26.930
	891.626	93.248	26.842	26.971
	892.660	93.025	26.915	27.052
	893.702	93.014	26.947	27.105
	894.738	92.994	26.980	27.146
	895.773	93.226	27.043	27.200
	896.799	92.989	27.108	27.257
	897.828	93.096	27.155	27.293
	898.860	93.111	27.175	27.323
	899.891	93.182	27.224	27.358
	900.925	92.959	27.254	27.396
	901.954	93.181	27.267	27.450
	902.977	93.328	27.325	27.482
	904.010	93.043	27.374	27.506
	905.078	92.851	27.377	27.528
	906.111	93.070	27.409	27.558
	907.141	92.957	27.424	27.582
	908.173	93.101	27.473	27.613
	909.199	93.096	27.488	27.632
	910.226	92.965	27.520	27.660
	911.253	93.091	27.545	27.670
	912.281	93.131	27.556	27.700
	913.315	92.920	27.598	27.716
	914.351	92.461	27.582	27.732
	915.382	92.829	27.606	27.737
	916.413	92.774	27.627	27.758
	917.450	92.416	27.614	27.782
	918.481	92.686	27.659	27.788
	919.513	92.457	27.683	27.804
	920.546	92.709	27.687	27.843
	921.575	92.954	27.693	27.846
	922.606	92.614	27.719	27.848
	923.638	92.554	27.698	27.857
	924.673	92.530	27.739	27.854
	925.711	92.318	27.755	27.892
	926.741	92.474	27.741	27.895
	927.782	92.424	27.756	27.894
	928.823	92.407	27.739	27.898
	929.857	92.532	27.778	27.906
	930.890	92.176	27.760	27.932
	931.924	92.355	27.782	27.940
	932.973	92.279	27.784	27.928
	934.004	92.377	27.786	27.945
	935.033	92.341	27.803	27.945
	936.066	92.007	27.792	27.956
	937.100	92.456	27.832	27.945
	938.127	92.134	27.824	27.964
	939.156	91.869	27.810	27.971
	940.191	92.020	27.831	27.974
	941.223	91.897	27.828	27.987
	942.251	91.653	27.836	27.989
	943.283	91.563	27.853	27.988
	944.316	91.506	27.845	27.995
	945.350	91.539	27.848	28.004
	946.385	91.565	27.852	28.000
	947.420	91.540	27.856	28.011
	948.457	91.284	27.854	27.998
	949.501	91.235	27.866	28.001
	950.531	91.550	27.853	27.998
	951.567	90.997	27.863	28.025
	952.602	91.163	27.887	28.003
	953.643	90.958	27.876	28.033
	954.676	91.000	27.870	28.022
	955.717	90.557	27.879	28.014
	956.765	90.990	27.877	28.023
	957.792	90.805	27.859	28.024
	958.814	91.082	27.874	28.007
	959.841	90.528	27.883	28.026
	960.874	90.513	27.892	28.038
	961.898	90.465	27.875	28.030
	962.925	90.790	27.888	28.035
	963.954	90.613	27.895	28.044
	964.996	91.047	27.896	28.034
	966.049	90.746	27.895	28.027
	967.074	90.487	27.890	28.041
	968.102	90.666	27.873	28.035
	969.130	90.148	27.888	28.020
	970.167	90.016	27.889	28.055
	971.197	90.240	27.895	28.046
	972.224	90.521	27.910	28.042
	973.255	90.392	27.869	28.040
	974.285	90.588	27.894	28.066
	975.315	90.369	27.910	28.033
	976.349	90.243	27.900	28.034
	977.376	90.505	27.898	28.033
	978.400	90.397	27.909	28.051
	979.427	89.850	27.917	28.056
	980.455	90.060	27.915	28.026
	981.481	90.148	27.913	28.055
	982.522	90.381	27.887	28.051
	983.552	90.298	27.894	28.050
	984.582	89.824	27.895	28.069
	985.612	90.415	27.877	28.056
	986.642	90.179	27.898	28.058
	987.679	90.146	27.932	28.076
	988.715	89.734	27.897	28.043
	989.747	89.856	27.902	28.075
	990.781	89.530	27.898	28.063
	991.814	89.694	27.897	28.040
	992.857	89.591	27.906	28.043
	993.885	89.588	27.924	28.040
	994.921	89.007	27.912	28.046
	995.966	89.283	27.901	28.050
	996.998	89.331	27.919	28.042
	998.030	89.073	27.909	28.041
	999.060	89.211	27.900	28.064
	1000.088	89.293	27.908	28.074
	1001.123	89.213	27.902	28.072
	1002.157	88.944	27.914	28.052
	1003.196	89.001	27.903	28.051
	1004.240	88.678	27.920	28.041
	1005.290	89.221	27.895	28.048
	1006.320	88.724	27.921	28.053
	1007.349	88.486	27.918	28.050
	1008.376	88.857	27.903	28.061
	1009.411	89.071	27.905	28.066
	1010.466	88.422	27.895	28.080
	1011.495	89.338	27.931	28.046
	1012.524	88.943	27.916	28.070
	1013.554	88.275	27.904	28.074
	1014.598	88.409	27.902	28.054
	1015.637	88.121	27.918	28.067
	1016.670	88.238	27.934	28.059
	1017.701	87.784	27.919	28.064
	1018.724	88.443	27.914	28.055
	1019.763	88.885	27.950	28.058
	1020.793	88.630	27.940	28.036
	1021.829	88.474	27.934	28.056
	1022.876	87.307	27.912	28.053
	1023.915	87.966	27.947	28.058
	1024.946	86.795	27.906	28.048
	1025.975	87.117	27.917	28.054
	1027.008	86.858	27.919	28.042
	1028.050	86.333	27.925	28.053
	1029.097	87.395	27.929	28.055
	1030.129	86.490	27.917	28.061
	1031.163	86.112	27.930	28.073
	1032.207	86.620	27.915	28.045
	1033.255	85.867	27.926	28.069
	1034.297	86.110	27.909	28.051
	1035.334	86.461	27.917	28.051
	1036.379	86.575	27.904	28.044
	1037.413	86.160	27.909	28.072
	1038.451	86.661	27.904	28.064
	1039.481	86.791	27.911	28.051
	1040.520	86.593	27.933	28.057
	1041.569	86.821	27.934	28.057
	1042.623	87.045	27.910	28.049
	1043.654	86.090	27.908	28.053
	1044.694	85.908	27.906	28.058
	1045.734	86.388	27.918	28.056
	1046.766	86.050	27.929	28.045
	1047.802	85.769	27.909	28.049
	1048.838	86.144	27.888	28.054
	1049.868	86.223	27.906	28.070
	1050.905	86.158	27.935	28.034
	1051.944	86.051	27.897	28.058
	1053.040	85.340	27.914	28.060
	1054.143	84.898	27.920	28.069
	1055.173	85.018	27.913	28.074
	1056.207	85.162	27.909	28.053
	1057.240	84.558	27.930	28.056
	1058.278	84.167	27.902	28.038
	1059.308	85.086	27.918	28.064
	1060.338	85.307	27.900	28.040
	1061.369	85.158	27.917	28.049
	1062.399	84.597	27.909	28.030
	1063.435	84.419	27.915	28.062
	1064.465	84.387	27.905	28.046
	1065.506	84.232	27.904	28.035
	1066.533	84.464	27.910	28.050
	1067.559	85.147	27.916	28.045
	1068.589	84.892	27.923	28.057
	1069.623	84.623	27.897	28.048
	1070.652	84.221	27.908	28.038
	1071.690	84.743	27.923	28.053
	1072.720	84.745	27.912	28.044
	1073.759	84.426	27.924	28.034
	1074.789	84.410	27.921	28.040
	1075.829	84.528	27.912	28.053
	1076.862	84.493	27.903	28.045
	1077.894	83.763	27.889	28.025
	1078.928	84.616	27.895	28.052
	1079.963	85.029	27.894	28.033
	1080.994	84.564	27.895	28.055
	1082.046	84.721	27.902	28.028
	1083.080	84.563	27.918	28.039
	1084.115	84.293	27.900	28.060
	1085.152	83.656	27.903	28.040
	1086.189	82.940	27.897	28.058
	1087.213	82.774	27.903	28.043
	1088.241	83.209	27.912	28.048
	1089.275	83.041	27.904	28.053
	1090.311	83.038	27.907	28.041
	1091.347	83.364	27.919	28.057
	1092.390	82.751	27.906	28.035
	1093.421	83.092	27.909	28.038
	1094.453	83.199	27.928	28.057
	1095.485	83.133	27.932	28.034
	1096.510	83.511	27.918	28.046
	1097.541	83.026	27.908	28.038
	1098.578	82.918	27.919	28.045
	1099.606	82.420	27.913	28.054
	1100.638	83.352	27.881	28.026
	1101.666	83.197	27.905	28.024
	1102.698	82.802	27.921	28.041
	1103.734	82.798	27.897	28.053
	1104.767	82.773	27.896	28.016
	1105.797	82.657	27.914	28.013
	1106.843	82.247	27.912	28.044
	1107.866	82.233	27.908	28.030
	1108.905	82.307	27.908	28.041
	1109.930	82.040	27.933	28.050
	1110.961	81.733	27.933	28.053
	1111.989	81.263	27.922	28.042
	1113.011	81.965	27.885	28.048
	1114.040	82.404	27.889	28.057
	1115.077	82.448	27.916	28.040
	1116.104	82.301	27.903	28.035
	1117.131	82.233	27.917	28.054
	1118.163	81.855	27.902	28.024
	1119.190	81.839	27.909	28.040
	1120.223	82.241	27.914	28.039
	1121.255	81.896	27.919	28.025
	1122.282	81.468	27.916	28.044
	1123.322	80.689	27.909	28.017
	1124.353	82.078	27.902	28.019
	1125.396	82.342	27.897	28.036
	1126.435	82.116	27.904	28.049
	1127.463	81.857	27.906	28.025
	1128.506	81.593	27.904	28.036
	1129.541	81.379	27.916	28.023
	1130.576	81.102	27.915	28.057
	1131.618	81.263	27.914	28.028
	1132.657	81.474	27.915	28.026
	1133.691	81.419	27.905	28.032
	1134.728	81.254	27.904	28.047
	1135.764	80.949	27.908	28.038
	1136.800	80.649	27.908	28.016
	1137.831	80.634	27.901	28.010
	1138.864	80.529	27.911	28.033
	1139.896	80.444	27.884	28.043
	1140.942	80.548	27.907	28.028
	1141.973	80.983	27.929	28.054
	1143.004	80.965	27.923	28.032
	1144.055	80.946	27.925	28.048
	1145.081	80.677	27.908	28.032
	1146.113	80.429	27.894	28.024
	1147.147	80.302	27.905	28.009
	1148.179	80.165	27.901	28.012
	1149.213	79.847	27.921	28.020
	1150.249	79.094	27.894	28.011
	1151.283	79.002	27.906	28.018
	1152.320	79.267	27.908	28.013
	1153.355	79.322	27.921	28.039
	1154.394	79.262	27.897	28.017
	1155.426	79.172	27.889	28.006
	1156.462	79.154	27.888	28.046
	1157.508	79.099	27.904	28.046
	1158.546	78.729	27.894	28.047
	1159.596	78.434	27.918	28.019
	1160.666	79.470	27.901	28.022
	1161.699	79.376	27.917	28.042
	1162.741	79.112	27.916	28.022
	1163.774	79.233	27.898	28.023
	1164.804	79.394	27.884	28.018
	1165.834	78.996	27.908	28.032
	1166.871	78.780	27.904	28.014
	1167.907	78.337	27.910	28.024
	1168.938	77.659	27.913	28.041
	1169.981	78.661	27.917	28.013
	1171.024	78.831	27.902	28.040
	1172.059	78.920	27.916	28.024
	1173.087	78.672	27.900	28.020
	1174.117	78.290	27.870	27.998
	1175.155	78.102	27.883	27.997
	1176.189	77.987	27.887	28.021
	1177.249	77.841	27.897	27.989
	1178.281	77.971	27.896	27.996
	1179.311	78.043	27.902	28.011
	1180.334	78.250	27.906	28.033
	1181.367	78.275	27.901	28.020
	1182.398	78.335	27.891	27.998
	1183.430	78.253	27.908	28.014
	1184.465	78.095	27.895	28.016
	1185.517	77.753	27.919	28.010
	1186.569	77.688	27.896	28.011
	1187.606	77.702	27.901	28.003
	1188.638	77.557	27.906	28.032
	1189.673	77.312	27.907	28.018
	1190.709	77.053	27.891	28.001
	1191.748	77.024	27.900	28.034
	1192.783	77.062	27.892	28.027
	1193.816	76.907	27.899	28.014
	1194.849	77.229	27.896	28.027
	1195.885	77.262	27.881	27.996
	1196.913	77.042	27.878	28.026
	1197.945	77.117	27.890	27.999
	1198.979	77.099	27.891	28.013
	1200.008	76.908	27.892	28.024
	1201.035	76.739	27.883	28.009
	1202.068	77.092	27.896	28.008
	1203.102	77.362	27.908	28.012
	1204.141	77.229	27.893	28.012
	1205.173	76.934	27.885	28.015
	1206.205	76.673	27.902	28.023
	1207.237	76.738	27.874	28.008
	1208.276	76.662	27.906	28.008
	1209.311	76.628	27.900	28.003
	1210.343	76.609	27.902	28.002
	1211.376	76.367	27.900	28.002
	1212.411	76.436	27.893	28.014
	1213.445	76.594	27.896	28.015
	1214.479	76.688	27.906	28.011
	1215.512	76.442	27.916	27.996
	1216.547	76.379	27.886	28.006
	1217.570	76.507	27.896	28.002
	1218.602	76.476	27.859	28.022
	1219.631	76.375	27.911	28.008
	1220.660	76.198	27.896	27.993
	1221.696	76.092	27.886	28.008
	1222.736	75.682	27.895	27.993
	1223.766	75.595	27.902	28.002
	1224.795	75.509	27.883	28.012
	1225.826	75.067	27.887	28.010
	1226.856	74.665	27.906	27.990
	1227.905	75.136	27.894	28.004
	1228.932	75.800	27.891	28.006
	1229.977	75.925	27.910	28.010
	1231.026	75.693	27.890	27.997
	1232.062	75.332	27.899	27.987
	1233.092	75.194	27.885	27.995
	1234.120	75.059	27.880	27.996
	1235.151	74.847	27.888	28.008
	1236.172	74.754	27.885	28.000
	1237.205	74.719	27.892	28.008
	1238.230	74.794	27.892	27.995
	1239.259	74.864	27.880	28.008
	1240.291	74.839	27.894	28.008
	1241.325	74.737	27.893	27.990
	1242.359	74.484	27.871	27.993
	1243.387	74.233	27.896	27.995
	1244.411	74.030	27.905	27.982
	1245.439	74.040	27.891	27.990
	1246.469	74.392	27.891	27.974
	1247.498	74.497	27.891	27.990
	1248.531	74.423	27.875	27.979
	1249.557	74.250	27.893	27.979
	1250.586	74.171	27.879	27.982
	1251.624	74.144	27.875	27.985
	1252.657	74.240	27.904	27.996
	1253.689	74.216	27.870	27.995
	1254.721	74.527	27.892	27.987
	1255.752	74.145	27.877	27.973
	1256.778	74.349	27.889	27.994
	1257.821	74.339	27.901	27.987
	1258.857	74.249	27.879	27.987
	1259.884	74.120	27.886	27.975
	1260.927	74.006	27.889	27.967
	1261.971	73.984	27.870	27.994
	1263.007	73.941	27.881	27.976
	1264.036	73.960	27.884	27.985
	1265.075	73.870	27.883	27.990
	1266.117	73.770	27.896	27.953
	1267.147	73.778	27.871	27.981
	1268.181	73.708	27.893	27.996
	1269.217	73.603	27.894	27.976
	1270.256	73.481	27.869	27.980
	1271.282	73.379	27.885	27.992
	1272.306	73.476	27.877	27.996
	1273.333	73.424	27.891	27.985
	1274.359	73.277	27.875	27.980
	1275.391	73.134	27.860	27.996
	1276.416	72.944	27.888	27.972
	1277.452	72.781	27.887	27.964
	1278.485	72.569	27.879	27.952
	1279.536	72.388	27.888	27.972
	1280.564	72.312	27.880	27.978
	1281.598	72.298	27.877	27.978
	1282.630	72.365	27.877	27.982
	1283.671	72.371	27.869	28.000
	1284.742	72.520	27.874	27.973
	1285.776	72.626	27.871	27.966
	1286.808	72.580	27.861	27.957
	1287.834	72.436	27.889	27.970
	1288.864	72.360	27.880	27.971
	1289.905	72.269	27.862	27.957
	1290.947	72.060	27.881	27.963
	1291.984	72.190	27.892	27.949
	1293.028	72.368	27.876	27.962
	1294.059	72.411	27.876	27.985
	1295.092	72.307	27.866	27.946
	1296.126	72.165	27.852	27.944
	1297.163	72.021	27.867	27.961
	1298.195	71.896	27.883	27.959
	1299.251	71.818	27.861	27.950
	1300.294	71.794	27.855	27.945
	1301.328	71.754	27.876	27.985
	1302.354	71.611	27.859	27.945
	1303.385	71.413	27.876	27.982
	1304.429	71.199	27.864	27.974
	1305.458	71.004	27.887	27.944
	1306.497	70.784	27.859	27.951
	1307.528	70.543	27.880	27.961
	1308.553	70.821	27.860	27.973
	1309.584	71.083	27.873	27.947
	1310.615	71.181	27.863	27.941
	1311.653	71.272	27.862	27.960
	1312.686	71.354	27.877	27.941
	1313.723	71.423	27.863	27.967
	1314.754	71.404	27.863	27.967
	1315.806	71.246	27.880	27.961
	1316.857	71.091	27.874	27.941
	1317.897	70.922	27.873	27.952
	1318.933	70.770	27.842	27.940
	1319.964	70.630	27.860	27.974
	1320.996	70.669	27.862	27.953
	1322.024	70.834	27.852	27.947
	1323.073	71.015	27.895	27.955
	1324.111	71.048	27.867	27.967
	1325.154	70.989	27.851	27.945
	1326.187	70.902	27.866	27.963
	1327.227	70.919	27.869	27.936
	1328.264	70.877	27.871	27.940
	1329.299	70.776	27.855	27.968
	1330.332	70.614	27.858	27.957
	1331.365	70.436	27.864	27.944
	1332.400	70.265	27.884	27.943
	1333.433	70.186	27.868	27.946
	1334.465	70.223	27.863	27.943
	1335.499	70.233	27.873	27.965
	1336.550	70.186	27.869	27.934
	1337.583	70.170	27.867	27.949
	1338.615	70.137	27.851	27.947
	1339.640	70.033	27.853	27.960
	1340.678	69.868	27.868	27.949
	1341.710	69.706	27.854	27.932
	1342.746	69.589	27.875	27.937
	1343.782	69.515	27.864	27.946
	1344.815	69.413	27.872	27.971
	1345.866	69.195	27.850	27.946
	1346.898	68.986	27.872	27.945
	1347.934	69.248	27.866	27.940
	1348.969	69.348	27.854	27.945
	1350.004	69.302	27.832	27.941
	1351.037	69.284	27.859	27.920
	1352.069	69.206	27.872	27.937
	1353.105	68.949	27.854	27.946
	1354.150	68.744	27.873	27.940
	1355.190	68.912	27.874	27.948
	1356.211	68.975	27.856	27.933
	1357.242	68.967	27.850	27.939
	1358.268	68.932	27.846	27.957
	1359.305	68.799	27.858	27.941
	1360.330	68.736	27.856	27.948
	1361.356	68.671	27.848	27.926
	1362.379	68.599	27.848	27.949
	1363.416	68.527	27.859	27.935
	1364.443	68.470	27.860	27.935
	1365.476	68.305	27.844	27.942
	1366.505	68.094	27.839	27.948
	1367.533	68.030	27.863	27.952
	1368.561	68.294	27.843	27.950
	1369.647	68.377	27.849	27.941
	1370.665	68.316	27.845	27.942
	1371.696	68.133	27.857	27.942
	1372.722	68.007	27.847	27.941
	1373.756	67.859	27.854	27.919
	1374.784	67.748	27.842	27.936
	1375.817	67.594	27.857	27.928
	1376.846	67.295	27.850	27.914
	1377.873	67.039	27.847	27.937
	1378.901	67.051	27.844	27.920
	1379.933	67.168	27.864	27.925
	1380.967	67.247	27.843	27.933
